KOWARIANCJA:                             _stdev     _variance         _mean  _harmonic_mean       _median  _stdev_s_diff  _variance_s_diff  _mean_s_diff  _harmonic_mean_s_diff  _median_s_diff  timestamp_data  lottery_no_data
_stdev                 9.924660e+00  2.262042e+02 -2.236148e-01   -1.184269e+01 -5.745091e-01   5.381466e+00      6.568941e+01  5.373572e+00           2.148608e+00    3.891162e+00    1.291843e+07    -2.467792e+00
_variance              2.262042e+02  5.311487e+03 -4.726803e+00   -2.762686e+02 -1.399164e+01   1.251620e+02      1.580497e+03  1.201609e+02           4.525790e+01    8.391928e+01    3.055453e+08    -5.027696e+01
_mean                 -2.236148e-01 -4.726803e+00  2.641506e+01    2.859132e+01  3.407443e+01  -1.140819e-01     -1.809902e+00 -5.903591e-02           1.718445e-02   -4.452175e-03    2.160144e+07     1.271454e+02
_harmonic_mean        -1.184269e+01 -2.762686e+02  2.859132e+01    5.176618e+01  3.237840e+01  -6.325633e+00     -8.013928e+01 -6.712792e+00          -2.934499e+00   -5.083109e+00   -2.541116e+06     7.403922e+01
_median               -5.745091e-01 -1.399164e+01  3.407443e+01    3.237840e+01  5.680541e+01  -3.730360e-01     -5.408371e+00 -1.945183e-01           3.476784e-02   -2.230184e-02    2.786442e+07     1.999912e+02
_stdev_s_diff          5.381466e+00  1.251620e+02 -1.140819e-01   -6.325633e+00 -3.730360e-01   6.857978e+00      8.880140e+01  2.721833e+00          -1.365747e+00   -4.806862e-01    1.780460e+07     3.516440e+01
_variance_s_diff       6.568941e+01  1.580497e+03 -1.809902e+00   -8.013928e+01 -5.408371e+00   8.880140e+01      1.242020e+03  3.232048e+01          -1.853912e+01   -1.267065e+01    2.100695e+08     3.779341e+02
_mean_s_diff           5.373572e+00  1.201609e+02 -5.903591e-02   -6.712792e+00 -1.945183e-01   2.721833e+00      3.232048e+01  3.202420e+00           1.556143e+00    2.626874e+00    4.410105e+06    -1.095922e+01
_harmonic_mean_s_diff  2.148608e+00  4.525790e+01  1.718445e-02   -2.934499e+00  3.476784e-02  -1.365747e+00     -1.853912e+01  1.556143e+00           3.062039e+00    2.224108e+00   -1.111287e+07    -5.062689e+01
_median_s_diff         3.891162e+00  8.391928e+01 -4.452175e-03   -5.083109e+00 -2.230184e-02  -4.806862e-01     -1.267065e+01  2.626874e+00           2.224108e+00    4.540441e+00    2.539422e+06    -8.794751e+00
timestamp_data         1.291843e+07  3.055453e+08  2.160144e+07   -2.541116e+06  2.786442e+07   1.780460e+07      2.100695e+08  4.410105e+06          -1.111287e+07    2.539422e+06    1.283808e+17     4.658106e+11
lottery_no_data       -2.467792e+00 -5.027696e+01  1.271454e+02    7.403922e+01  1.999912e+02   3.516440e+01      3.779341e+02 -1.095922e+01          -5.062689e+01   -8.794751e+00    4.658106e+11     1.906823e+06


KORELACJA PEARSON:
                         _stdev  _variance     _mean  _harmonic_mean   _median  _stdev_s_diff  _variance_s_diff  _mean_s_diff  _harmonic_mean_s_diff  _median_s_diff  timestamp_data  lottery_no_data
_stdev                 1.000000   0.985223 -0.013811       -0.522480 -0.024196       0.652296          0.591661      0.953161               0.389757        0.579659        0.011445        -0.000567
_variance              0.985223   1.000000 -0.012619       -0.526866 -0.025472       0.655792          0.615349      0.921331               0.354880        0.540387        0.011701        -0.000500
_mean                 -0.013811  -0.012619  1.000000        0.773188  0.879646      -0.008476         -0.009992     -0.006419               0.001911       -0.000407        0.011730         0.017915
_harmonic_mean        -0.522480  -0.526866  0.773188        1.000000  0.597087      -0.335724         -0.316052     -0.521364              -0.233080       -0.331556       -0.000986         0.007452
_median               -0.024196  -0.025472  0.879646        0.597087  1.000000      -0.018900         -0.020361     -0.014422               0.002636       -0.001389        0.010318         0.019216
_stdev_s_diff          0.652296   0.655792 -0.008476       -0.335724 -0.018900       1.000000          0.962182      0.580797              -0.298035       -0.086142        0.018975         0.009724
_variance_s_diff       0.591661   0.615349 -0.009992       -0.316052 -0.020361       0.962182          1.000000      0.512477              -0.300621       -0.168727        0.016636         0.007766
_mean_s_diff           0.953161   0.921331 -0.006419       -0.521364 -0.014422       0.580797          0.512477      1.000000               0.496941        0.688892        0.006878        -0.004435
_harmonic_mean_s_diff  0.389757   0.354880  0.001911       -0.233080  0.002636      -0.298035         -0.300621      0.496941               1.000000        0.596488       -0.017724        -0.020952
_median_s_diff         0.579659   0.540387 -0.000407       -0.331556 -0.001389      -0.086142         -0.168727      0.688892               0.596488        1.000000        0.003326        -0.002989
timestamp_data         0.011445   0.011701  0.011730       -0.000986  0.010318       0.018975          0.016636      0.006878              -0.017724        0.003326        1.000000         0.941465
lottery_no_data       -0.000567  -0.000500  0.017915        0.007452  0.019216       0.009724          0.007766     -0.004435              -0.020952       -0.002989        0.941465         1.000000


KORELACJA KENDDALL:
                         _stdev  _variance     _mean  _harmonic_mean   _median  _stdev_s_diff  _variance_s_diff  _mean_s_diff  _harmonic_mean_s_diff  _median_s_diff  timestamp_data  lottery_no_data
_stdev                 1.000000   0.999956 -0.006710       -0.358345 -0.012565       0.464409          0.464409      0.822225               0.271951        0.435270       -0.000394        -0.000394
_variance              0.999956   1.000000 -0.006705       -0.358329 -0.012562       0.464379          0.464379      0.822206               0.271949        0.435262       -0.000384        -0.000384
_mean                 -0.006710  -0.006705  1.000000        0.571092  0.712344      -0.001132         -0.001132     -0.001086               0.001759        0.002271        0.013041         0.013041
_harmonic_mean        -0.358345  -0.358329  0.571092        1.000000  0.428609      -0.213957         -0.213957     -0.370777              -0.136071       -0.211005        0.003985         0.003985
_median               -0.012565  -0.012562  0.712344        0.428609  1.000000      -0.005667         -0.005667     -0.007319               0.000424        0.000463        0.012565         0.012565
_stdev_s_diff          0.464409   0.464379 -0.001132       -0.213957 -0.005667       1.000000          1.000000      0.420458              -0.175611       -0.012357        0.008070         0.008070
_variance_s_diff       0.464409   0.464379 -0.001132       -0.213957 -0.005667       1.000000          1.000000      0.420458              -0.175611       -0.012357        0.008070         0.008070
_mean_s_diff           0.822225   0.822206 -0.001086       -0.370777 -0.007319       0.420458          0.420458      1.000000               0.350994        0.528303       -0.003111        -0.003111
_harmonic_mean_s_diff  0.271951   0.271949  0.001759       -0.136071  0.000424      -0.175611         -0.175611      0.350994               1.000000        0.474299       -0.009219        -0.009219
_median_s_diff         0.435270   0.435262  0.002271       -0.211005  0.000463      -0.012357         -0.012357      0.528303               0.474299        1.000000       -0.000804        -0.000804
timestamp_data        -0.000394  -0.000384  0.013041        0.003985  0.012565       0.008070          0.008070     -0.003111              -0.009219       -0.000804        1.000000         1.000000
lottery_no_data       -0.000394  -0.000384  0.013041        0.003985  0.012565       0.008070          0.008070     -0.003111              -0.009219       -0.000804        1.000000         1.000000


KORELACJA SPEARMAN:
                         _stdev  _variance     _mean  _harmonic_mean   _median  _stdev_s_diff  _variance_s_diff  _mean_s_diff  _harmonic_mean_s_diff  _median_s_diff  timestamp_data  lottery_no_data
_stdev                 1.000000   1.000000 -0.008904       -0.503314 -0.019199       0.643536          0.643536      0.948935               0.383884        0.571149       -0.000852        -0.000852
_variance              1.000000   1.000000 -0.008899       -0.503314 -0.019193       0.643528          0.643528      0.948942               0.383899        0.571164       -0.000839        -0.000839
_mean                 -0.008904  -0.008899  1.000000        0.744101  0.883118      -0.001516         -0.001516     -0.001142               0.001846        0.001737        0.019382         0.019382
_harmonic_mean        -0.503314  -0.503314  0.744101        1.000000  0.575392      -0.314432         -0.314432     -0.506365              -0.200840       -0.297430        0.006046         0.006046
_median               -0.019199  -0.019193  0.883118        0.575392  1.000000      -0.010969         -0.010969     -0.010887               0.000156       -0.001187        0.018776         0.018776
_stdev_s_diff          0.643536   0.643528 -0.001516       -0.314432 -0.010969       1.000000          1.000000      0.579819              -0.254082       -0.017315        0.012198         0.012198
_variance_s_diff       0.643536   0.643528 -0.001516       -0.314432 -0.010969       1.000000          1.000000      0.579819              -0.254082       -0.017315        0.012198         0.012198
_mean_s_diff           0.948935   0.948942 -0.001142       -0.506365 -0.010887       0.579819          0.579819      1.000000               0.482957        0.674892       -0.004794        -0.004794
_harmonic_mean_s_diff  0.383884   0.383899  0.001846       -0.200840  0.000156      -0.254082         -0.254082      0.482957               1.000000        0.617423       -0.013963        -0.013963
_median_s_diff         0.571149   0.571164  0.001737       -0.297430 -0.001187      -0.017315         -0.017315      0.674892               0.617423        1.000000       -0.001097        -0.001097
timestamp_data        -0.000852  -0.000839  0.019382        0.006046  0.018776       0.012198          0.012198     -0.004794              -0.013963       -0.001097        1.000000         1.000000
lottery_no_data       -0.000852  -0.000839  0.019382        0.006046  0.018776       0.012198          0.012198     -0.004794              -0.013963       -0.001097        1.000000         1.000000